-7.539678955078125000e+01
-7.411559295654296875e+01
-7.283439636230468750e+01
-7.155319976806640625e+01
-7.027200317382812500e+01
-6.899080657958984375e+01
-6.770960998535156250e+01
-6.642841339111328125e+01
-6.514721679687500000e+01
-6.386602401733398438e+01
-6.258482742309570312e+01
-6.130363082885742188e+01
-6.002243423461914062e+01
-5.874123764038085938e+01
-5.746004104614257812e+01
-5.617884445190429688e+01
-5.489764785766601562e+01
-5.361645126342773438e+01
-5.233525466918945312e+01
-5.105406188964843750e+01
-4.977286529541015625e+01
-4.849166870117187500e+01
-4.721047210693359375e+01
-4.592927551269531250e+01
-4.464807891845703125e+01
-4.336688232421875000e+01
-4.208568572998046875e+01
-4.080448913574218750e+01
-3.952329254150390625e+01
-3.824209594726562500e+01
-3.696089935302734375e+01
-3.567970275878906250e+01
-3.439850997924804688e+01
-3.311731338500976562e+01
-3.183611488342285156e+01
-3.055492019653320312e+01
-2.927372360229492188e+01
-2.799252700805664062e+01
-2.671133041381835938e+01
-2.543013381958007812e+01
-2.414893722534179688e+01
-2.286774253845214844e+01
-2.158654594421386719e+01
-2.030534934997558594e+01
-1.902415275573730469e+01
-1.774295616149902344e+01
-1.646175956726074219e+01
-1.518056392669677734e+01
-1.389936733245849609e+01
-1.261817169189453125e+01
-1.133697509765625000e+01
-1.005577850341796875e+01
-8.774582862854003906e+00
-7.493386268615722656e+00
-6.212190151214599609e+00
-4.930993556976318359e+00
-3.649797439575195312e+00
-2.368601083755493164e+00
-1.087404727935791016e+00
1.937915086746215820e-01
1.474987745285034180e+00
2.756184101104736328e+00
4.037380218505859375e+00
5.318576812744140625e+00
6.599772930145263672e+00
7.880969047546386719e+00
9.162165641784667969e+00
1.044336223602294922e+01
1.172455787658691406e+01
1.300575447082519531e+01
1.428695106506347656e+01
1.556814670562744141e+01
1.684934234619140625e+01
1.813053894042968750e+01
1.941173553466796875e+01
2.069293212890625000e+01
2.197412872314453125e+01
2.325532531738281250e+01
2.453652191162109375e+01
2.581771659851074219e+01
2.709891319274902344e+01
2.838010978698730469e+01
2.966130638122558594e+01
3.094250297546386719e+01
3.222369766235351562e+01
3.350489425659179688e+01
3.478609085083007812e+01
3.606728744506835938e+01
3.734848403930664062e+01
3.862968063354492188e+01
3.991087722778320312e+01
4.119207382202148438e+01
4.247327041625976562e+01
4.375446701049804688e+01
4.503565979003906250e+01
4.631685638427734375e+01
4.759805297851562500e+01
4.887924957275390625e+01
5.016044616699218750e+01
5.144164276123046875e+01
5.272283935546875000e+01
5.400403594970703125e+01
5.528523254394531250e+01
5.656642913818359375e+01
5.784762573242187500e+01
5.912882232666015625e+01
6.041001892089843750e+01
6.169121170043945312e+01
6.297240829467773438e+01
6.425360870361328125e+01
6.553480529785156250e+01
6.681600189208984375e+01
6.809719848632812500e+01
6.937838745117187500e+01
7.065958404541015625e+01
7.194078063964843750e+01
7.322197723388671875e+01
7.450317382812500000e+01
7.578437042236328125e+01
7.706556701660156250e+01
7.834676361083984375e+01
7.962796020507812500e+01
8.090915679931640625e+01
8.219035339355468750e+01
8.347154998779296875e+01
8.475274658203125000e+01
8.603394317626953125e+01
8.731513977050781250e+01
8.859633636474609375e+01
8.987753295898437500e+01
9.115872955322265625e+01
9.243992614746093750e+01
9.372112274169921875e+01
9.500231933593750000e+01
9.628351593017578125e+01
9.756471252441406250e+01
9.884590911865234375e+01
1.001271057128906250e+02
1.014082946777343750e+02
1.026894912719726562e+02
1.039706878662109375e+02
1.052518844604492188e+02
1.065330810546875000e+02
1.078142776489257812e+02
1.090954742431640625e+02
1.103766708374023438e+02
1.116578674316406250e+02
1.129390640258789062e+02
1.142202606201171875e+02
1.155014572143554688e+02
1.167826538085937500e+02
1.180638504028320312e+02
1.193450469970703125e+02
1.206262435913085938e+02
1.219074401855468750e+02
1.231886367797851562e+02
1.244698333740234375e+02
1.257510299682617188e+02
1.270322265625000000e+02
1.283134155273437500e+02
1.295946197509765625e+02
1.308758087158203125e+02
1.321570129394531250e+02
1.334382019042968750e+02
1.347194061279296875e+02
1.360005950927734375e+02
1.372817993164062500e+02
1.385629882812500000e+02
1.398441925048828125e+02
1.411253814697265625e+02
1.424065856933593750e+02
1.436877746582031250e+02
1.449689788818359375e+02
1.462501678466796875e+02
1.475313720703125000e+02
1.488125610351562500e+02
1.500937500000000000e+02
1.513749542236328125e+02
1.526561431884765625e+02
1.539373474121093750e+02
1.552185363769531250e+02
1.564997406005859375e+02
1.577809295654296875e+02
1.590621337890625000e+02
1.603433227539062500e+02
1.616245269775390625e+02
1.629057159423828125e+02
1.641869201660156250e+02
1.654681091308593750e+02
1.667493133544921875e+02
1.680305023193359375e+02
1.693117065429687500e+02
1.705928955078125000e+02
1.718740997314453125e+02
1.731552886962890625e+02
1.744364929199218750e+02
1.757176818847656250e+02
1.769988861083984375e+02
1.782800750732421875e+02
1.795612792968750000e+02
1.808424682617187500e+02
1.821236572265625000e+02
1.834048614501953125e+02
1.846860504150390625e+02
1.859672546386718750e+02
1.872484436035156250e+02
1.885296478271484375e+02
1.898108367919921875e+02
1.910920410156250000e+02
1.923732299804687500e+02
1.936544342041015625e+02
1.949356231689453125e+02
1.962168273925781250e+02
1.974980163574218750e+02
1.987792205810546875e+02
2.000604095458984375e+02
2.013416137695312500e+02
2.026228027343750000e+02
2.039040069580078125e+02
2.051851959228515625e+02
2.064664001464843750e+02
2.077475891113281250e+02
2.090287933349609375e+02
2.103099822998046875e+02
2.115911865234375000e+02
2.128723754882812500e+02
2.141535644531250000e+02
2.154347686767578125e+02
2.167159576416015625e+02
2.179971618652343750e+02
2.192783508300781250e+02
2.205595550537109375e+02
2.218407440185546875e+02
2.231219482421875000e+02
2.244031372070312500e+02
2.256843414306640625e+02
2.269655303955078125e+02
2.282467346191406250e+02
2.295279235839843750e+02
2.308091278076171875e+02
2.320903167724609375e+02
2.333715209960937500e+02
2.346527099609375000e+02
2.359339141845703125e+02
2.372151031494140625e+02
2.384963073730468750e+02
2.397774963378906250e+02
2.410587005615234375e+02
2.423398895263671875e+02
2.436210937500000000e+02
2.449022827148437500e+02
2.461834716796875000e+02
2.474646759033203125e+02
2.487458648681640625e+02
2.500270690917968750e+02
2.513082580566406250e+02
2.525894622802734375e+02
2.538706512451171875e+02
2.551518554687500000e+02
2.564330444335937500e+02
2.577142333984375000e+02
2.589954528808593750e+02
2.602766418457031250e+02
2.615578308105468750e+02
2.628390197753906250e+02
2.641202392578125000e+02
2.654014282226562500e+02
2.666826171875000000e+02
2.679638061523437500e+02
2.692450256347656250e+02
2.705262145996093750e+02
2.718074035644531250e+02
2.730885925292968750e+02
2.743698120117187500e+02
2.756510009765625000e+02
2.769321899414062500e+02
2.782133789062500000e+02
2.794945678710937500e+02
2.807757873535156250e+02
2.820569763183593750e+02
2.833381652832031250e+02
2.846193542480468750e+02
2.859005737304687500e+02
2.871817626953125000e+02
2.884629516601562500e+02
2.897441406250000000e+02
2.910253601074218750e+02
2.923065490722656250e+02
2.935877380371093750e+02
2.948689270019531250e+02
2.961501464843750000e+02
2.974313354492187500e+02
2.987125244140625000e+02
2.999937133789062500e+02
3.012749328613281250e+02
3.025561218261718750e+02
3.038373107910156250e+02
3.051184997558593750e+02
3.063997192382812500e+02
3.076809082031250000e+02
3.089620971679687500e+02
